{"BAMBOO_FLOWER_CART":[{"id":"minecraft:block_display","settings":{"name":"minecraft:torchflower","properties":{}},"transformation":[0.9944,0.1058,0.008,1.3125,-0.1061,0.9915,0.0748,0.9375,0.0,-0.0752,0.9972,0.5,0.0,0.0,0.0,1.0]},{"id":"minecraft:block_display","settings":{"name":"minecraft:torchflower","properties":{}},"transformation":[0.9804,-0.1966,-0.0148,1.125,0.1961,0.9802,-0.0273,0.9375,0.0199,0.0239,0.9995,0.5625,0.0,0.0,0.0,1.0]},{"id":"minecraft:block_display","settings":{"name":"minecraft:torchflower","properties":{}},"transformation":[0.997,-0.0548,-0.0538,1.2689,0.039,0.9648,-0.2602,0.8931,0.0662,0.2574,0.964,0.6408,0.0,0.0,0.0,1.0]},{"id":"minecraft:block_display","settings":{"name":"minecraft:rooted_dirt","properties":{}},"transformation":[1.0,0.0,0.0,0.125,0.0,0.0625,0.0,0.625,0.0,0.0,1.0,0.8125,0.0,0.0,0.0,1.0]},{"id":"minecraft:block_display","settings":{"name":"minecraft:rooted_dirt","properties":{}},"transformation":[1.0,0.0,0.0,1.125,0.0,0.0625,0.0,0.625,0.0,0.0,1.0,0.8125,0.0,0.0,0.0,1.0]},{"id":"minecraft:block_display","settings":{"name":"minecraft:sunflower","properties":{"half":"upper"}},"transformation":[-0.1297,0.0,0.9916,0.3237,0.0,1.0,0.0,1.125,-0.9916,0.0,-0.1297,1.4962,0.0,0.0,0.0,1.0]},{"id":"minecraft:block_display","settings":{"name":"minecraft:sunflower","properties":{"half":"lower"}},"transformation":[-0.1297,0.0,0.9916,0.3237,0.0,1.0,0.0,0.125,-0.9916,0.0,-0.1297,1.4962,0.0,0.0,0.0,1.0]},{"id":"minecraft:block_display","settings":{"name":"minecraft:sunflower","properties":{"half":"upper"}},"transformation":[0.3834,0.0,0.9236,0.3494,0.0,1.0,0.0,1.3955,-0.9236,0.0,0.3834,1.413,0.0,0.0,0.0,1.0]},{"id":"minecraft:block_display","settings":{"name":"minecraft:sunflower","properties":{"half":"lower"}},"transformation":[0.3834,0.0,0.9236,0.3494,0.0,1.0,0.0,0.3955,-0.9236,0.0,0.3834,1.413,0.0,0.0,0.0,1.0]},{"id":"minecraft:block_display","settings":{"name":"minecraft:blue_orchid","properties":{}},"transformation":[0.8937,0.0,0.4487,0.0,0.0719,0.9871,-0.1432,0.9455,-0.4429,0.1602,0.8821,1.3438,0.0,0.0,0.0,1.0]},{"id":"minecraft:block_display","settings":{"name":"minecraft:blue_orchid","properties":{}},"transformation":[0.9815,0.1665,-0.0943,0.375,-0.1658,0.986,0.0159,0.625,0.0956,0.0,0.9954,0.8125,0.0,0.0,0.0,1.0]},{"id":"minecraft:block_display","settings":{"name":"minecraft:pink_tulip","properties":{}},"transformation":[1.0,0.0,0.0,0.6875,0.0,1.0,0.0,0.625,0.0,0.0,1.0,1.125,0.0,0.0,0.0,1.0]},{"id":"minecraft:block_display","settings":{"name":"minecraft:pink_tulip","properties":{}},"transformation":[0.9967,0.0814,0.0,0.8125,-0.0814,0.9967,0.0,0.875,0.0,0.0,1.0,0.9287,0.0,0.0,0.0,1.0]},{"id":"minecraft:block_display","settings":{"name":"minecraft:pink_tulip","properties":{}},"transformation":[0.9821,-0.1732,0.0742,1.0642,0.187,0.9439,-0.2721,0.8534,-0.0229,0.2811,0.9594,1.0155,0.0,0.0,0.0,1.0]},{"id":"minecraft:block_display","settings":{"name":"minecraft:pink_tulip","properties":{}},"transformation":[0.9661,-0.258,0.0,0.7748,0.258,0.9661,0.0,0.7109,0.0,0.0,1.0,0.8855,0.0,0.0,0.0,1.0]},{"id":"minecraft:block_display","settings":{"name":"minecraft:lilac","properties":{"half":"upper"}},"transformation":[0.957,0.2899,0.0,1.1982,-0.2855,0.9425,-0.1737,1.0792,-0.0504,0.1662,0.9848,1.0,0.0,0.0,0.0,1.0]},{"id":"minecraft:block_display","settings":{"name":"minecraft:potted_lily_of_the_valley","properties":{}},"transformation":[0.981,0.0,0.1938,2.1871,0.0,1.0,0.0,1.125,-0.1938,0.0,0.981,1.42,0.0,0.0,0.0,1.0]},{"id":"minecraft:block_display","settings":{"name":"minecraft:bamboo","properties":{"age":"1"}},"transformation":[0.866,-0.5,0.0,2.5,0.0,0.0,1.0,0.7147,-0.5,-0.866,0.0,1.5625,0.0,0.0,0.0,1.0]},{"id":"minecraft:block_display","settings":{"name":"minecraft:dark_oak_button","properties":{"face":"floor","powered":"false","facing":"north"}},"transformation":[-1.0,0.0,0.0,1.0,0.0,-1.0,0.0,0.9053,0.0,0.0,1.0,-0.375,0.0,0.0,0.0,1.0]},{"id":"minecraft:block_display","settings":{"name":"minecraft:dark_oak_button","properties":{"face":"floor","powered":"false","facing":"north"}},"transformation":[0.0,1.0,0.0,0.0473,-1.0,0.0,0.0,0.9527,0.0,0.0,1.0,-0.375,0.0,0.0,0.0,1.0]},{"id":"minecraft:block_display","settings":{"name":"minecraft:dark_oak_button","properties":{"face":"floor","powered":"false","facing":"north"}},"transformation":[0.0,-1.0,0.0,0.9527,1.0,0.0,0.0,-0.0473,0.0,0.0,1.0,-0.375,0.0,0.0,0.0,1.0]},{"id":"minecraft:block_display","settings":{"name":"minecraft:dark_oak_button","properties":{"face":"floor","powered":"false","facing":"north"}},"transformation":[1.0,0.0,0.0,0.0,0.0,1.0,0.0,0.0,0.0,0.0,1.0,-0.375,0.0,0.0,0.0,1.0]},{"id":"minecraft:block_display","settings":{"name":"minecraft:dark_oak_button","properties":{"face":"floor","powered":"false","facing":"north"}},"transformation":[-0.7071,0.7071,0.0,0.5335,-0.7071,-0.7071,0.0,1.1263,0.0,0.0,1.0,-0.374,0.0,0.0,0.0,1.0]},{"id":"minecraft:block_display","settings":{"name":"minecraft:dark_oak_button","properties":{"face":"floor","powered":"false","facing":"north"}},"transformation":[-0.7071,-0.7071,0.0,1.1736,0.7071,-0.7071,0.0,0.4192,0.0,0.0,1.0,-0.374,0.0,0.0,0.0,1.0]},{"id":"minecraft:block_display","settings":{"name":"minecraft:dark_oak_button","properties":{"face":"floor","powered":"false","facing":"north"}},"transformation":[0.7071,-0.7071,0.0,0.4665,0.7071,0.7071,0.0,-0.221,0.0,0.0,1.0,-0.374,0.0,0.0,0.0,1.0]},{"id":"minecraft:block_display","settings":{"name":"minecraft:dark_oak_button","properties":{"face":"floor","powered":"false","facing":"north"}},"transformation":[0.7071,0.7071,0.0,-0.1736,-0.7071,0.7071,0.0,0.4861,0.0,0.0,1.0,-0.374,0.0,0.0,0.0,1.0]},{"id":"minecraft:block_display","settings":{"name":"minecraft:bell","properties":{"attachment":"single_wall","facing":"east"}},"transformation":[0.0,0.0,-1.0,1.0,-1.0,0.0,0.0,1.0413,0.0,1.0,0.0,-0.75,0.0,0.0,0.0,1.0]},{"id":"minecraft:block_display","settings":{"name":"minecraft:bell","properties":{"attachment":"single_wall","facing":"east"}},"transformation":[-1.0,0.0,0.0,1.0889,0.0,0.0,1.0,-0.0482,0.0,1.0,0.0,-0.75,0.0,0.0,0.0,1.0]},{"id":"minecraft:block_display","settings":{"name":"minecraft:bamboo_fence","properties":{}},"transformation":[1.0,0.0,0.0,0.0,0.0,0.0,1.0,-0.0438,0.0,-1.0,0.0,1.0,0.0,0.0,0.0,1.0]},{"id":"minecraft:block_display","settings":{"name":"minecraft:dark_oak_button","properties":{"face":"floor","powered":"false","facing":"north"}},"transformation":[1.0,0.0,0.0,0.0028,0.0,-1.0,0.0,0.9053,0.0,0.0,-1.0,3.0,0.0,0.0,0.0,1.0]},{"id":"minecraft:block_display","settings":{"name":"minecraft:dark_oak_button","properties":{"face":"floor","powered":"false","facing":"north"}},"transformation":[0.0,-1.0,0.0,0.9555,-1.0,0.0,0.0,0.9527,0.0,0.0,-1.0,3.0,0.0,0.0,0.0,1.0]},{"id":"minecraft:block_display","settings":{"name":"minecraft:dark_oak_button","properties":{"face":"floor","powered":"false","facing":"north"}},"transformation":[0.0,1.0,0.0,0.0501,1.0,0.0,0.0,-0.0473,0.0,0.0,-1.0,3.0,0.0,0.0,0.0,1.0]},{"id":"minecraft:block_display","settings":{"name":"minecraft:dark_oak_button","properties":{"face":"floor","powered":"false","facing":"north"}},"transformation":[-1.0,0.0,0.0,1.0028,0.0,1.0,0.0,0.0,0.0,0.0,-1.0,3.0,0.0,0.0,0.0,1.0]},{"id":"minecraft:block_display","settings":{"name":"minecraft:dark_oak_button","properties":{"face":"floor","powered":"false","facing":"north"}},"transformation":[0.7071,-0.7071,0.0,0.4693,-0.7071,-0.7071,0.0,1.1263,0.0,0.0,-1.0,2.999,0.0,0.0,0.0,1.0]},{"id":"minecraft:block_display","settings":{"name":"minecraft:dark_oak_button","properties":{"face":"floor","powered":"false","facing":"north"}},"transformation":[0.7071,0.7071,0.0,-0.1708,0.7071,-0.7071,0.0,0.4192,0.0,0.0,-1.0,2.999,0.0,0.0,0.0,1.0]},{"id":"minecraft:block_display","settings":{"name":"minecraft:dark_oak_button","properties":{"face":"floor","powered":"false","facing":"north"}},"transformation":[-0.7071,0.7071,0.0,0.5363,0.7071,0.7071,0.0,-0.221,0.0,0.0,-1.0,2.999,0.0,0.0,0.0,1.0]},{"id":"minecraft:block_display","settings":{"name":"minecraft:dark_oak_button","properties":{"face":"floor","powered":"false","facing":"north"}},"transformation":[-0.7071,-0.7071,0.0,1.1764,-0.7071,0.7071,0.0,0.4861,0.0,0.0,-1.0,2.999,0.0,0.0,0.0,1.0]},{"id":"minecraft:block_display","settings":{"name":"minecraft:bell","properties":{"attachment":"single_wall","facing":"east"}},"transformation":[0.0,0.0,1.0,0.0028,-1.0,0.0,0.0,1.0413,0.0,-1.0,0.0,3.375,0.0,0.0,0.0,1.0]},{"id":"minecraft:block_display","settings":{"name":"minecraft:bell","properties":{"attachment":"single_wall","facing":"east"}},"transformation":[1.0,0.0,0.0,-0.0861,0.0,0.0,1.0,-0.0482,0.0,-1.0,0.0,3.375,0.0,0.0,0.0,1.0]},{"id":"minecraft:block_display","settings":{"name":"minecraft:bamboo_fence","properties":{}},"transformation":[-1.0,0.0,0.0,1.0028,0.0,0.0,1.0,-0.0438,0.0,1.0,0.0,1.625,0.0,0.0,0.0,1.0]},{"id":"minecraft:block_display","settings":{"name":"minecraft:bamboo_slab","properties":{"type":"bottom"}},"transformation":[1.0,0.0,0.0,0.125,0.0,0.0,-1.0,1.125,0.0,1.0,0.0,0.3125,0.0,0.0,0.0,1.0]},{"id":"minecraft:block_display","settings":{"name":"minecraft:bamboo_slab","properties":{"type":"bottom"}},"transformation":[1.0,0.0,0.0,1.125,0.0,0.0,-1.0,1.125,0.0,1.0,0.0,0.3125,0.0,0.0,0.0,1.0]},{"id":"minecraft:block_display","settings":{"name":"minecraft:bamboo_slab","properties":{"type":"bottom"}},"transformation":[-1.0,0.0,0.0,3.125,0.0,-1.0,0.0,1.125,0.0,0.0,1.0,0.3125,0.0,0.0,0.0,1.0]},{"id":"minecraft:block_display","settings":{"name":"minecraft:bamboo_slab","properties":{"type":"bottom"}},"transformation":[-1.0,0.0,0.0,3.125,0.0,-1.0,0.0,1.125,0.0,0.0,1.0,1.3125,0.0,0.0,0.0,1.0]},{"id":"minecraft:block_display","settings":{"name":"minecraft:bamboo_slab","properties":{"type":"bottom"}},"transformation":[-1.0,0.0,0.0,2.125,0.0,0.0,1.0,0.125,0.0,1.0,0.0,1.8125,0.0,0.0,0.0,1.0]},{"id":"minecraft:block_display","settings":{"name":"minecraft:bamboo_slab","properties":{"type":"bottom"}},"transformation":[-1.0,0.0,0.0,1.125,0.0,0.0,1.0,0.125,0.0,1.0,0.0,1.8125,0.0,0.0,0.0,1.0]},{"id":"minecraft:block_display","settings":{"name":"minecraft:bamboo_slab","properties":{"type":"bottom"}},"transformation":[0.0,1.0,0.0,0.0,-1.0,0.0,0.0,1.375,0.0,0.0,1.0,0.8125,0.0,0.0,0.0,1.0]},{"id":"minecraft:block_display","settings":{"name":"minecraft:bamboo_mosaic_slab","properties":{"type":"bottom"}},"transformation":[-1.0,0.0,0.0,2.125,0.0,-1.0,0.0,0.625,0.0,0.0,1.0,0.8125,0.0,0.0,0.0,1.0]},{"id":"minecraft:block_display","settings":{"name":"minecraft:bamboo_mosaic_slab","properties":{"type":"bottom"}},"transformation":[-1.0,0.0,0.0,1.125,0.0,-1.0,0.0,0.625,0.0,0.0,1.0,0.8125,0.0,0.0,0.0,1.0]},{"id":"minecraft:block_display","settings":{"name":"minecraft:bell","properties":{"attachment":"double_wall","facing":"east"}},"transformation":[0.0,1.0,0.0,2.125,-1.0,0.0,0.0,1.0,0.0,0.0,1.0,-0.0625,0.0,0.0,0.0,1.0]},{"id":"minecraft:block_display","settings":{"name":"minecraft:bell","properties":{"attachment":"double_wall","facing":"east"}},"transformation":[1.0,0.0,0.0,3.125,0.0,1.0,0.0,0.125,0.0,0.0,1.0,-0.0625,0.0,0.0,0.0,1.0]},{"id":"minecraft:block_display","settings":{"name":"minecraft:bell","properties":{"attachment":"double_wall","facing":"east"}},"transformation":[0.0,1.0,0.0,2.125,-1.0,0.0,0.0,1.0,0.0,0.0,1.0,1.6875,0.0,0.0,0.0,1.0]},{"id":"minecraft:block_display","settings":{"name":"minecraft:bell","properties":{"attachment":"double_wall","facing":"east"}},"transformation":[1.0,0.0,0.0,3.125,0.0,1.0,0.0,0.125,0.0,0.0,1.0,1.6875,0.0,0.0,0.0,1.0]},{"id":"minecraft:block_display","settings":{"name":"minecraft:bell","properties":{"attachment":"double_wall","facing":"east"}},"transformation":[0.0,1.0,0.0,1.375,-1.0,0.0,0.0,2.125,0.0,0.0,1.0,0.8125,0.0,0.0,0.0,1.0]},{"id":"minecraft:block_display","settings":{"name":"minecraft:bell","properties":{"attachment":"double_wall","facing":"east"}},"transformation":[0.0,1.0,0.0,1.375,-1.0,0.0,0.0,3.125,0.0,0.0,1.0,0.8125,0.0,0.0,0.0,1.0]},{"id":"minecraft:block_display","settings":{"name":"minecraft:bell","properties":{"attachment":"double_wall","facing":"east"}},"transformation":[0.0,1.0,0.0,-0.75,-1.0,0.0,0.0,3.125,0.0,0.0,1.0,0.8125,0.0,0.0,0.0,1.0]},{"id":"minecraft:block_display","settings":{"name":"minecraft:bell","properties":{"attachment":"double_wall","facing":"east"}},"transformation":[0.0,1.0,0.0,-0.75,-1.0,0.0,0.0,2.125,0.0,0.0,1.0,0.8125,0.0,0.0,0.0,1.0]},{"id":"minecraft:block_display","settings":{"name":"minecraft:bamboo_trapdoor","properties":{"half":"bottom","facing":"east","open":"false"}},"transformation":[1.0,0.0,0.0,-0.3125,0.0,0.7071,-0.7071,3.1875,0.0,0.7071,0.7071,1.3125,0.0,0.0,0.0,1.0]},{"id":"minecraft:block_display","settings":{"name":"minecraft:bamboo_trapdoor","properties":{"half":"bottom","facing":"east","open":"false"}},"transformation":[1.0,0.0,0.0,0.6875,0.0,0.7071,-0.7071,3.1875,0.0,0.7071,0.7071,1.3125,0.0,0.0,0.0,1.0]},{"id":"minecraft:block_display","settings":{"name":"minecraft:bamboo_trapdoor","properties":{"half":"bottom","facing":"east","open":"false"}},"transformation":[1.0,0.0,0.0,1.6875,0.0,0.7071,-0.7071,3.1875,0.0,0.7071,0.7071,1.3125,0.0,0.0,0.0,1.0]},{"id":"minecraft:block_display","settings":{"name":"minecraft:bamboo_trapdoor","properties":{"half":"bottom","facing":"east","open":"false"}},"transformation":[-1.0,0.0,0.0,2.6875,0.0,0.7071,-0.7071,3.1875,0.0,-0.7071,-0.7071,1.3125,0.0,0.0,0.0,1.0]},{"id":"minecraft:block_display","settings":{"name":"minecraft:bamboo_trapdoor","properties":{"half":"bottom","facing":"east","open":"false"}},"transformation":[-1.0,0.0,0.0,1.6875,0.0,0.7071,-0.7071,3.1875,0.0,-0.7071,-0.7071,1.3125,0.0,0.0,0.0,1.0]},{"id":"minecraft:block_display","settings":{"name":"minecraft:bamboo_trapdoor","properties":{"half":"bottom","facing":"east","open":"false"}},"transformation":[-1.0,0.0,0.0,0.6875,0.0,0.7071,-0.7071,3.1875,0.0,-0.7071,-0.7071,1.3125,0.0,0.0,0.0,1.0]},{"id":"minecraft:block_display","settings":{"name":"minecraft:bamboo_fence","properties":{}},"transformation":[0.0,1.0,0.0,2.1875,-1.0,0.0,0.0,3.8125,0.0,0.0,1.0,0.8125,0.0,0.0,0.0,1.0]},{"id":"minecraft:block_display","settings":{"name":"minecraft:bamboo_fence","properties":{}},"transformation":[0.0,1.0,0.0,1.1875,-1.0,0.0,0.0,3.8125,0.0,0.0,1.0,0.8125,0.0,0.0,0.0,1.0]},{"id":"minecraft:block_display","settings":{"name":"minecraft:bamboo_fence","properties":{}},"transformation":[0.0,1.0,0.0,0.1875,-1.0,0.0,0.0,3.8125,0.0,0.0,1.0,0.8125,0.0,0.0,0.0,1.0]},{"id":"minecraft:block_display","settings":{"name":"minecraft:bamboo_fence","properties":{}},"transformation":[0.0,1.0,0.0,-0.8125,-1.0,0.0,0.0,3.8125,0.0,0.0,1.0,0.8125,0.0,0.0,0.0,1.0]}]}